200
16400
390 390
390 195
390 39
390 0
180 180
180 90
180 18
180 0
720 720
720 360
720 72
720 0
340 340
340 170
340 34
340 0
260 260
260 130
260 26
260 0
790 790
790 395
790 79
790 0
850 850
850 425
850 85
850 0
270 270
270 135
270 27
270 0
250 250
250 125
250 25
250 0
330 330
330 165
330 33
330 0
880 880
880 440
880 88
880 0
570 570
570 285
570 57
570 0
800 800
800 400
800 80
800 0
650 650
650 325
650 65
650 0
690 690
690 345
690 69
690 0
760 760
760 380
760 76
760 0
320 320
320 160
320 32
320 0
450 450
450 225
450 45
450 0
230 230
230 115
230 23
230 0
670 670
670 335
670 67
670 0
680 680
680 340
680 68
680 0
910 910
910 455
910 91
910 0
540 540
540 270
540 54
540 0
630 630
630 315
630 63
630 0
120 120
120 60
120 12
120 0
60 60
60 30
60 6
60 0
440 440
440 220
440 44
440 0
580 580
580 290
580 58
580 0
830 830
830 415
830 83
830 0
50 50
50 25
50 5
50 0
740 740
740 370
740 74
740 0
480 480
480 240
480 48
480 0
350 350
350 175
350 35
350 0
430 430
430 215
430 43
430 0
420 420
420 210
420 42
420 0
920 920
920 460
920 92
920 0
620 620
620 310
620 62
620 0
510 510
510 255
510 51
510 0
410 410
410 205
410 41
410 0
860 860
860 430
860 86
860 0
950 950
950 475
950 95
950 0
590 590
590 295
590 59
590 0
70 70
70 35
70 7
70 0
600 600
600 300
600 60
600 0
110 110
110 55
110 11
110 0
560 560
560 280
560 56
560 0
280 280
280 140
280 28
280 0
200 200
200 100
200 20
200 0
170 170
170 85
170 17
170 0
490 490
490 245
490 49
490 0
